bubble_sort:28724.87 28747.79 29155.23 29367.59 30309.17 28544.12 28512.38 28534.08 28541.00 28522.07 
insert_sort:5378.50 5408.17 5540.98 5572.28 5355.77 5332.54 5375.69 5336.04 5362.62 5348.89 
select_sort:8733.55 8756.42 8886.10 8949.21 8717.60 8746.21 8712.80 8723.02 8721.59 8718.07 
shell_sort:18.05 18.09 18.12 18.14 18.43 17.99 18.08 18.23 17.92 18.11 
quick_sort:12.36 12.38 12.41 12.33 11.94 11.89 12.06 12.08 12.14 12.02 
heap_sort:16.81 16.66 17.08 16.69 16.60 16.61 16.95 16.71 16.72 16.65 
merge_sort_recursion:14.23 13.85 14.67 16.19 13.79 13.84 13.78 13.85 13.83 13.78 
merge_sort_circulation:13.41 13.21 19.31 13.26 13.48 13.21 13.23 13.22 13.24 13.28 
radix_sort_LSD:25.97 21.90 26.01 19.74 24.33 18.67 19.13 21.01 20.84 21.44 
radix_sort_MSD:45.60 44.57 52.78 55.21 47.80 46.38 42.36 43.06 42.94 43.03 
